-5165,0,-5055 -4500,0,-5055
-5165,0,-5055 -4500,0,-4400
-5165,0,-5055 -5165,0,-4400
-5165,0,-4400 -4500,0,-5055
-5165,0,-4400 -4500,0,-4400
-5165,0,-4400 -4500,0,-3725
-5165,0,-4400 -5165,0,-3725
-5165,0,-3725 -4500,0,-4400
-5165,0,-3725 -4500,0,-3725
-5165,0,-3725 -5165,0,-3060
-5165,0,-3060 -4500,0,-3060
-5165,0,-3060 -5165,0,-2360
-5165,0,-2360 -4500,0,-2360
-5165,0,-2360 -4500,0,-1700
-5165,0,-2360 -5165,0,-1700
-5165,0,-1700 -4500,0,-2360
-5165,0,-1700 -4500,0,-1700
-5165,0,-1700 -4500,0,-1035
-5165,0,-1700 -5165,0,-1035
-5165,0,-1035 -4500,0,-1700
-5165,0,-1035 -4500,0,-1035
-5165,0,-1035 -4500,0,-380
-5165,0,-1035 -5165,0,-380
-5165,0,-380 -4500,0,-1035
-5165,0,-380 -4500,0,-380
-5165,0,-380 -5165,0,1060
-5165,0,1060 -4500,0,1060
-5165,0,1060 -4500,0,1730
-5165,0,1060 -5165,0,1730
-5165,0,1730 -4500,0,1060
-5165,0,1730 -4500,0,1730
-5165,0,1730 -4500,0,2390
-5165,0,1730 -5165,0,2390
-5165,0,2390 -4500,0,1730
-5165,0,2390 -4500,0,2390
-5165,0,2390 -5165,0,3085
-5165,0,3085 -4500,0,3085
-5165,0,3085 -5165,0,3750
-5165,0,3750 -4500,0,3750
-5165,0,3750 -4500,0,4420
-5165,0,3750 -5165,0,4420
-5165,0,4420 -4500,0,3750
-5165,0,4420 -4500,0,4420
-5165,0,4420 -4500,0,5080
-5165,0,4420 -5165,0,5080
-5165,0,5080 -4500,0,4420
-5165,0,5080 -4500,0,5080
-4500,0,-5055 -3830,0,-5055
-4500,0,-5055 -3830,0,-4400
-4500,0,-5055 -4500,0,-4400
-4500,0,-4400 -3830,0,-5055
-4500,0,-4400 -3830,0,-4400
-4500,0,-4400 -3830,0,-3725
-4500,0,-4400 -4500,0,-3725
-4500,0,-3725 -3830,0,-4400
-4500,0,-3725 -3830,0,-3725
-4500,0,-3725 -4500,0,-3060
-4500,0,-3060 -3830,0,-3060
-4500,0,-3060 -4500,0,-2360
-4500,0,-2360 -3830,0,-2360
-4500,0,-2360 -3830,0,-1700
-4500,0,-2360 -4500,0,-1700
-4500,0,-1700 -3830,0,-2360
-4500,0,-1700 -3830,0,-1700
-4500,0,-1700 -3830,0,-1035
-4500,0,-1700 -4500,0,-1035
-4500,0,-1035 -3830,0,-1700
-4500,0,-1035 -3830,0,-1035
-4500,0,-1035 -3830,0,-380
-4500,0,-1035 -4500,0,-380
-4500,0,-380 -3830,0,-1035
-4500,0,-380 -3830,0,-380
-4500,0,1060 -3830,0,1060
-4500,0,1060 -3830,0,1730
-4500,0,1060 -4500,0,1730
-4500,0,1730 -3830,0,1060
-4500,0,1730 -3830,0,1730
-4500,0,1730 -3830,0,2390
-4500,0,1730 -4500,0,2390
-4500,0,2390 -3830,0,1730
-4500,0,2390 -3830,0,2390
-4500,0,2390 -4500,0,3085
-4500,0,3085 -3830,0,3085
-4500,0,3085 -4500,0,3750
-4500,0,3750 -3830,0,3750
-4500,0,3750 -3830,0,4420
-4500,0,3750 -4500,0,4420
-4500,0,4420 -3830,0,3750
-4500,0,4420 -3830,0,4420
-4500,0,4420 -3830,0,5080
-4500,0,4420 -4500,0,5080
-4500,0,5080 -3830,0,4420
-4500,0,5080 -3830,0,5080