-5200,0,-5200 -5200,0,-4420
-5200,0,-5200 -4420,0,-5200
-5200,0,-5200 -4420,0,-4420
-5200,0,-4420 -4420,0,-4420
-5200,0,-4420 -4420,0,-5200
-5200,0,-4420 -4420,0,-3740
-5200,0,-4420 -5200,0,-3740
-5200,0,-3740 -4420,0,-4420
-5200,0,-3740 -4420,0,-3740
-5200,0,-3740 -5200,0,-3060
-5200,0,-3060 -4420,0,-3060
-5200,0,-3060 -5200,0,-2380
-5200,0,-2380 -4420,0,-2380
-5200,0,-2380 -5200,0,-1700
-5200,0,-2380 -4420,0,-1700
-5200,0,-1700 -4420,0,-2380
-5200,0,-1700 -4420,0,-1020
-5200,0,-1700 -4420,0,-1700
-5200,0,-1700 -5200,0,-1020
-5200,0,-1020 -4420,0,-1700
-5200,0,-1020 -4420,0,-1020
-5200,0,-1020 -4420,0,-340
-5200,0,-1020 -5200,0,-340
-5200,0,-340 -4420,0,-1020
-5200,0,-340 -4420,0,-340
-5200,0,-340 -5200,0,1020
-5200,0,1020 -4420,0,1020
-5200,0,1020 -4420,0,1700
-5200,0,1020 -5200,0,1700
-5200,0,1700 -4420,0,1020
-5200,0,1700 -4420,0,1700
-5200,0,1700 -4420,0,2380
-5200,0,1700 -5200,0,2380
-5200,0,2380 -4420,0,1700
-5200,0,2380 -4420,0,2380
-5200,0,2380 -5200,0,3060
-5200,0,3060 -4420,0,3060
-5200,0,3060 -5200,0,3740
-5200,0,3740 -4420,0,3740
-5200,0,3740 -4420,0,4420
-5200,0,3740 -5200,0,4420
-5200,0,4420 -4420,0,3740
-5200,0,4420 -4420,0,4420
-5200,0,4420 -4420,0,5200
-5200,0,4420 -5200,0,5200